30	3	4
0.200989	-0.316101	0.788264
-1	1	-1	-1
0.171722	-0.348206	0.792254
-1	1	-1	-1
0.174164	-0.320679	0.788300
-1	1	-1	-1
0.187714	-0.328644	0.515870
-1	1	-1	-1
0.171570	-0.347382	1.000000
-1	1	-1	-1
0.199646	-0.288879	0.747247
-1	1	-1	-1
0.208160	-0.323822	0.739355
-1	1	-1	-1
0.210907	-0.425507	0.770002
-1	1	-1	-1
0.202423	-0.308380	0.486556
-1	1	-1	-1
0.199738	-0.343994	0.983029
-1	1	-1	-1
0.264770	-0.341644	0.733470
-1	1	-1	-1
0.286285	-0.375366	0.698598
-1	1	-1	-1
0.288666	-0.398560	0.741076
-1	1	-1	-1
0.216309	-0.427795	0.722545
-1	1	-1	-1
0.315186	-0.365295	0.734445
-1	1	-1	-1
0.218628	-0.313751	0.716844
-1	1	-1	-1
0.221283	-0.388763	0.723900
-1	1	-1	-1
0.241333	-0.329865	0.697463
-1	1	-1	-1
0.298920	-0.466217	0.710144
-1	1	-1	-1
0.267334	-0.329559	0.711630
-1	1	-1	-1
0.234558	-0.344513	0.734440
-1	1	-1	-1
0.236511	-0.360108	0.704159
-1	1	-1	-1
0.280731	-0.350250	0.710542
-1	1	-1	-1
0.260681	-0.404877	0.705587
-1	1	-1	-1
0.326111	-0.483612	0.698341
-1	1	-1	-1
0.209167	-0.399567	0.699589
-1	1	-1	-1
0.275116	-0.425384	0.728612
-1	1	-1	-1
0.201355	-0.355560	0.751708
-1	1	-1	-1
0.173981	-0.375671	0.722911
-1	1	-1	-1
0.254211	-0.446076	0.745565
-1	1	-1	-1
