28	3	4
0.033203	-0.404724	0.996055
1	-1	-1	-1
0.060974	-0.232544	0.934987
1	-1	-1	-1
0.062958	-0.359741	0.914550
1	-1	-1	-1
0.077301	-0.276642	0.886822
1	-1	-1	-1
0.056122	-0.230011	0.826575
1	-1	-1	-1
0.034332	-0.206940	0.870859
1	-1	-1	-1
0.042877	-0.237000	0.905231
1	-1	-1	-1
0.060211	-0.133026	0.847728
1	-1	-1	-1
0.077179	-0.173553	1.000000
1	-1	-1	-1
0.110229	-0.237762	0.783901
1	-1	-1	-1
0.038544	-0.197113	0.608929
1	-1	-1	-1
0.047119	-0.168549	0.778688
1	-1	-1	-1
0.045044	-0.155456	0.913093
1	-1	-1	-1
0.062408	-0.157013	0.991901
1	-1	-1	-1
0.090393	-0.239288	0.569227
1	-1	-1	-1
0.053345	-0.271179	0.971315
1	-1	-1	-1
0.068451	-0.246399	0.804271
1	-1	-1	-1
0.049011	-0.235352	0.560784
1	-1	-1	-1
0.036133	-0.250305	0.831287
1	-1	-1	-1
0.023834	-0.357361	0.835645
1	-1	-1	-1
0.034454	-0.285828	0.842903
1	-1	-1	-1
0.048798	-0.332275	0.857020
1	-1	-1	-1
0.035858	-0.417908	0.740237
1	-1	-1	-1
0.029175	-0.358246	0.300716
1	-1	-1	-1
0.041107	-0.259674	0.555620
1	-1	-1	-1
0.051605	-0.213776	0.770919
1	-1	-1	-1
0.032562	-0.170532	0.847307
1	-1	-1	-1
0.072022	-0.302765	0.831559
1	-1	-1	-1
