85	9	3
0.458405	-0.150330	0.068665	-0.101379	0.033508	-0.084869	0.497681	0.044769	0.579738
1	-1	-1
0.409882	-0.139984	0.100464	-0.130676	-0.024750	-0.123230	0.324341	-0.090820	0.551261
1	-1	-1
0.361298	-0.105255	0.032959	-0.087677	0.295166	-0.123260	0.482239	0.125305	0.555852
1	-1	-1
0.164459	-0.038391	0.014587	-0.081329	0.067108	-0.105652	0.390167	0.067108	0.531146
1	-1	-1
0.230042	-0.110565	0.037354	-0.142975	0.222137	-0.088104	0.513123	0.023254	0.516588
1	-1	-1
0.354980	-0.143738	0.054932	-0.137848	0.089844	-0.145966	0.457764	0.131348	0.518939
1	-1	-1
0.263153	-0.055298	0.021851	-0.134308	0.189270	-0.161316	0.576721	0.111694	0.530870
1	-1	-1
0.299377	-0.146881	0.052917	-0.123901	0.034149	-0.222076	0.491302	0.027496	0.510705
1	-1	-1
0.415741	-0.092163	0.087067	-0.115814	-0.006866	-0.156189	0.493225	-0.001068	0.553592
1	-1	-1
0.296173	-0.118378	0.049591	-0.027435	-0.025299	-0.112244	0.395477	-0.042053	0.510983
1	-1	-1
0.380615	-0.077057	0.099365	-0.061951	0.053619	-0.119690	0.364594	0.074127	0.543112
1	-1	-1
0.347290	-0.120941	0.018250	-0.098328	0.014221	-0.097168	0.444427	-0.061676	0.529819
1	-1	-1
0.266418	-0.083313	0.022736	-0.032806	0.182709	-0.105225	0.395966	0.112579	0.512302
1	-1	-1
0.286469	-0.113190	0.033508	-0.102570	0.101898	-0.161377	0.435364	0.112274	0.511515
1	-1	-1
0.203400	-0.114502	0.036957	-0.131012	0.004272	-0.279846	0.379517	-0.269928	0.510207
1	-1	-1
0.657928	-0.002777	0.132965	-0.106598	0.018372	-0.227081	0.427155	0.015228	0.600991
1	-1	-1
0.264130	-0.205688	0.042908	-0.077789	0.109406	-0.212524	0.469818	0.113068	0.537795
1	-1	-1
0.278198	-0.063477	0.030426	-0.074646	0.002625	-0.120026	0.503052	0.017853	0.566745
1	-1	-1
0.214264	-0.125580	0.001282	-0.060669	0.003754	-0.170319	0.505524	-0.170532	0.505984
1	-1	-1
0.634888	-0.140778	0.105652	-0.053192	-0.008636	-0.105560	0.404388	-0.062744	0.563477
1	-1	-1
0.396759	-0.081573	0.015747	-0.081757	0.030182	-0.140198	0.443634	0.030182	0.537264
1	-1	-1
0.259705	-0.151459	0.054077	-0.081543	0.176117	-0.210449	0.459900	0.113861	0.537720
1	-1	-1
0.334778	-0.136414	0.152985	-0.088196	0.098602	-0.239960	0.469055	0.034546	0.528777
1	-1	-1
0.260864	-0.056061	0.092712	-0.097290	0.001038	-0.099976	0.156830	-0.047943	0.512786
1	-1	-1
-0.002625	-0.003845	-0.002991	-0.003326	-0.002167	-0.003357	0.025635	-0.027771	0.030588
-1	1	-1
0.007629	-0.027771	0.023895	0.000214	0.012817	-0.039520	0.297791	-0.170837	1.000000
-1	1	-1
0.224670	-0.203705	0.022583	-0.087708	-0.041290	-0.171021	0.252930	-0.185272	0.591360
-1	1	-1
0.203278	-0.163605	0.033081	-0.077637	-0.004242	-0.216461	0.226837	-0.175690	0.589555
-1	1	-1
0.249969	-0.162415	0.022522	-0.117889	-0.043518	-0.157959	0.213226	-0.176941	0.558878
-1	1	-1
0.184143	-0.202026	0.008453	-0.100220	-0.016785	-0.189209	0.204529	-0.151733	0.548662
-1	1	-1
0.226471	-0.138672	0.023804	-0.090668	-0.039276	-0.194031	0.268677	-0.157654	0.553975
-1	1	-1
0.277008	-0.151001	0.016296	-0.087830	-0.024719	-0.269257	0.201233	-0.192871	0.537408
-1	1	-1
0.295349	-0.215942	0.028137	-0.078613	-0.042816	-0.219299	0.216217	-0.191742	0.530123
-1	1	-1
0.236755	-0.219025	0.014923	-0.099915	-0.048187	-0.226349	0.217468	-0.179749	0.545869
-1	1	-1
0.271576	-0.260040	0.009155	-0.099182	-0.046600	-0.263794	0.240173	-0.199127	0.527206
-1	1	-1
0.241669	-0.160400	0.008240	-0.111176	-0.039062	-0.207642	0.281586	-0.164856	0.542961
-1	1	-1
0.225891	-0.232544	-0.000641	-0.107849	0.029480	-0.124756	0.279785	-0.160553	0.537715
-1	1	-1
0.261383	-0.205353	0.009521	-0.098175	-0.010620	-0.183960	0.199371	-0.145691	0.552834
-1	1	-1
0.248138	-0.230316	0.003448	-0.079559	-0.040924	-0.237152	0.213562	-0.207825	0.534866
-1	1	-1
0.171539	-0.266846	-0.032074	-0.091461	0.000336	-0.119934	0.252899	-0.163239	0.533442
-1	1	-1
0.263458	-0.263458	0.002502	-0.090302	-0.046814	-0.172211	0.230377	-0.151825	0.546125
-1	1	-1
0.273499	-0.236053	-0.048492	-0.102051	0.002594	-0.125977	0.246948	-0.125977	0.508143
-1	1	-1
0.342072	-0.182892	-0.007233	-0.107635	-0.007477	-0.197601	0.232330	-0.158783	0.524547
-1	1	-1
0.180511	-0.215820	-0.023224	-0.130219	-0.018768	-0.213562	0.195190	-0.142426	0.505717
-1	1	-1
0.285492	-0.247742	-0.000397	-0.072449	-0.009857	-0.288727	0.242493	-0.100037	0.512447
-1	1	-1
0.249146	-0.314789	-0.008453	-0.138214	-0.018219	-0.223328	0.266235	-0.162781	0.502392
-1	1	-1
0.226471	-0.203033	-0.013214	-0.095917	-0.012177	-0.217194	0.220795	-0.148193	0.495204
-1	1	-1
0.285522	-0.308685	-0.013336	-0.100555	-0.051086	-0.163940	0.220093	-0.170929	0.516323
-1	1	-1
0.321991	-0.290558	-0.026672	-0.076324	-0.039978	-0.341309	0.235931	-0.186096	0.511995
-1	1	-1
0.185333	-0.165344	0.008636	-0.120422	-0.018555	-0.226166	0.242126	-0.181183	0.514322
-1	1	-1
0.156708	-0.281097	0.005005	-0.081512	-0.032379	-0.195190	0.179291	-0.095917	0.499007
-1	1	-1
0.193451	-0.305237	-0.017334	-0.101929	0.036041	-0.139801	0.194366	-0.106476	0.508349
-1	1	-1
0.265289	-0.254425	-0.014099	-0.109070	-0.044739	-0.299286	0.230560	-0.162292	0.495011
-1	1	-1
0.165039	-0.169647	-0.006287	-0.119904	-0.025177	-0.153107	0.195679	-0.163910	0.478879
-1	1	-1
0.264862	-0.217072	-0.003571	-0.103638	-0.043182	-0.275269	0.233948	-0.192932	0.511904
-1	1	-1
0.189697	-0.206329	0.023224	-0.114471	-0.035431	-0.253876	0.202576	-0.135071	0.509611
-1	1	-1
0.133118	-0.221649	0.018341	-0.098541	0.004272	-0.165497	0.388733	-0.127472	0.577964
-1	1	-1
0.653015	-0.521545	0.035553	-0.037750	0.018982	-0.079437	0.139435	-0.210022	0.783005
-1	-1	1
0.174347	-0.082184	0.023346	-0.045441	0.015228	-0.054230	0.177429	-0.244598	0.920928
-1	-1	1
0.133209	-0.071350	0.021881	-0.033051	0.002167	-0.076569	0.151642	-0.209869	0.853234
-1	-1	1
0.190887	-0.158875	0.041718	-0.064423	0.005005	-0.059418	0.155060	-0.214264	0.835950
-1	-1	1
0.144775	-0.057037	0.035217	-0.077148	0.036255	-0.057526	0.139038	-0.178833	0.874453
-1	-1	1
0.154419	-0.100586	0.030853	-0.035614	0.010651	-0.050354	0.122009	-0.127045	0.846034
-1	-1	1
0.174988	-0.102112	0.015320	-0.037506	0.008575	-0.053284	0.150604	-0.246002	0.878880
-1	-1	1
0.178436	-0.092163	0.016907	-0.043335	0.021973	-0.062469	0.152557	-0.219788	0.826827
-1	-1	1
0.123108	-0.112183	0.011902	-0.050720	0.012482	-0.048950	0.123718	-0.117310	0.832325
-1	-1	1
0.190125	-0.146301	0.016785	-0.065460	0.013733	-0.059143	0.121979	-0.222565	0.855169
-1	-1	1
0.122589	-0.065765	0.022644	-0.052399	0.066956	-0.065582	0.136932	-0.211823	0.857914
-1	-1	1
0.171173	-0.103790	0.026611	-0.049438	0.013336	-0.030640	0.110138	-0.136993	0.924225
-1	-1	1
0.155273	-0.103241	0.032654	-0.052795	0.044769	-0.059662	0.143616	-0.120789	0.924580
-1	-1	1
0.115356	-0.107513	0.019440	-0.060760	0.018402	-0.040497	0.119812	-0.205444	0.933656
-1	-1	1
0.160583	-0.140289	0.029907	-0.042358	0.001434	-0.061584	0.158264	-0.218018	0.950325
-1	-1	1
0.193787	-0.111694	0.024414	-0.034576	0.000793	-0.050995	0.136963	-0.177765	0.869951
-1	-1	1
0.169739	-0.105896	0.022705	-0.038879	0.006470	-0.085999	0.134369	-0.262329	0.941428
-1	-1	1
0.198181	-0.110596	0.020538	-0.026184	0.009583	-0.048981	0.129852	-0.170715	0.878647
-1	-1	1
0.725006	-0.722198	0.032440	-0.044983	0.015839	-0.060303	0.147247	-0.190979	0.848847
-1	-1	1
0.165833	-0.090363	0.023956	-0.051880	0.014709	-0.043243	0.097076	-0.177948	0.852376
-1	-1	1
0.153656	-0.107544	0.032867	-0.060150	0.006348	-0.072449	0.156158	-0.216553	0.874594
-1	-1	1
0.166504	-0.079407	0.029755	-0.047729	0.008759	-0.126892	0.178772	-0.246002	0.893207
-1	-1	1
0.150482	-0.090637	0.065033	-0.052948	0.004700	-0.043457	0.149078	-0.183929	0.823362
-1	-1	1
0.149078	-0.061035	0.023743	-0.020660	-0.000610	-0.094879	0.147369	-0.193451	0.809877
-1	-1	1
0.158417	-0.063873	0.019226	-0.063019	0.022156	-0.053162	0.121216	-0.191895	0.738429
-1	-1	1
0.146210	-0.133331	0.038086	-0.059509	-0.000092	-0.090179	0.156128	-0.140167	0.744997
-1	-1	1
0.195129	-0.208649	0.014191	-0.054291	0.003845	-0.089569	0.110840	-0.230957	0.760365
-1	-1	1
0.109283	-0.049133	0.014404	-0.036652	0.014771	-0.075287	0.161194	-0.178864	0.778431
-1	-1	1
