21	3	4
0.447052	-0.509491	0.979020
-1	-1	1	-1
0.428436	-0.450897	0.623166
-1	-1	1	-1
0.322815	-0.439545	0.319600
-1	-1	1	-1
0.511566	-0.618927	0.936190
-1	-1	1	-1
0.466309	-0.763794	0.640204
-1	-1	1	-1
0.365051	-0.488953	0.320533
-1	-1	1	-1
0.514130	-0.632935	0.944689
-1	-1	1	-1
0.477386	-0.677765	0.933373
-1	-1	1	-1
0.502686	-0.611877	0.933278
-1	-1	1	-1
0.443512	-0.377289	0.932796
-1	-1	1	-1
0.456970	-0.651489	0.944389
-1	-1	1	-1
0.513184	-0.532349	0.923389
-1	-1	1	-1
0.472595	-0.573944	0.916510
-1	-1	1	-1
0.496521	-0.647431	0.906079
-1	-1	1	-1
0.544586	-0.749512	0.943478
-1	-1	1	-1
0.485504	-0.475494	0.913289
-1	-1	1	-1
0.584351	-0.709106	0.944035
-1	-1	1	-1
0.530670	-0.490570	0.933286
-1	-1	1	-1
0.558380	-0.631775	0.952481
-1	-1	1	-1
0.561340	-0.610596	1.000000
-1	-1	1	-1
0.478668	-0.468231	0.973404
-1	-1	1	-1
