80	3	4
0.399950	0.124650	0.467276
1	-1	-1	-1
0.419575	0.119100	0.452831
1	-1	-1	-1
0.426350	0.120300	0.467293
1	-1	-1	-1
0.379800	0.111050	0.456689
1	-1	-1	-1
0.409375	0.132975	0.489690
1	-1	-1	-1
0.393300	0.120300	0.448021
1	-1	-1	-1
0.417475	0.101950	0.943993
1	-1	-1	-1
0.430150	0.105975	0.466187
1	-1	-1	-1
0.428975	0.124425	0.443717
1	-1	-1	-1
0.404575	0.099800	0.432503
1	-1	-1	-1
0.409250	0.122275	0.486590
1	-1	-1	-1
0.375500	0.112875	1.000000
1	-1	-1	-1
0.400550	0.102000	0.955831
1	-1	-1	-1
0.395425	0.122400	0.491192
1	-1	-1	-1
0.383825	0.098225	0.470996
1	-1	-1	-1
0.398800	0.074475	0.476498
1	-1	-1	-1
0.400075	0.118275	0.476076
1	-1	-1	-1
0.383275	0.113675	0.475516
1	-1	-1	-1
0.371650	0.092975	0.467390
1	-1	-1	-1
0.504000	0.059225	0.988003
-1	1	-1	-1
0.490000	0.057825	0.959885
-1	1	-1	-1
0.542550	0.055750	0.971268
-1	1	-1	-1
0.515900	0.076175	0.947934
-1	1	-1	-1
0.523275	0.007175	1.000000
-1	1	-1	-1
0.514575	0.053275	0.971127
-1	1	-1	-1
0.547200	0.042300	0.990390
-1	1	-1	-1
0.521125	0.028300	0.986818
-1	1	-1	-1
0.544550	0.066975	0.962047
-1	1	-1	-1
0.538650	0.061350	0.983070
-1	1	-1	-1
0.545600	0.022200	0.962924
-1	1	-1	-1
0.555725	0.031000	0.942148
-1	1	-1	-1
0.540575	0.033775	0.962292
-1	1	-1	-1
0.549000	0.024500	0.984083
-1	1	-1	-1
0.515075	0.062025	0.974190
-1	1	-1	-1
0.585700	0.043125	0.933439
-1	1	-1	-1
0.576375	0.040200	0.932722
-1	1	-1	-1
0.617850	0.018075	0.929515
-1	1	-1	-1
0.574900	0.046500	0.927847
-1	1	-1	-1
0.555225	0.069900	0.932637
-1	1	-1	-1
0.576650	0.064350	0.901849
-1	1	-1	-1
0.571600	0.055625	0.931269
-1	1	-1	-1
0.586575	0.056625	0.873760
-1	1	-1	-1
0.537775	0.068025	0.928316
-1	1	-1	-1
0.556125	0.070675	0.959764
-1	1	-1	-1
0.635650	-0.033700	0.909118
-1	-1	1	-1
0.742775	-0.058775	0.866768
-1	-1	1	-1
0.689850	0.015425	0.878172
-1	-1	1	-1
0.680100	0.016925	0.849158
-1	-1	1	-1
0.726550	-0.075725	0.867886
-1	-1	1	-1
0.699700	0.031825	0.848112
-1	-1	1	-1
0.740300	-0.030675	0.864987
-1	-1	1	-1
0.713200	0.029250	0.864387
-1	-1	1	-1
0.741075	0.026150	0.874687
-1	-1	1	-1
0.689175	-0.046000	1.000000
-1	-1	1	-1
0.724375	0.006275	0.733793
-1	-1	1	-1
0.730350	-0.000725	0.848934
-1	-1	1	-1
0.720700	-0.042900	0.858962
-1	-1	1	-1
0.730675	-0.114950	0.867530
-1	-1	1	-1
0.700150	-0.066525	0.865085
-1	-1	1	-1
0.682850	-0.076225	0.867131
-1	-1	1	-1
0.724125	-0.047000	0.859574
-1	-1	1	-1
0.658450	0.002100	0.865970
-1	-1	1	-1
0.740300	-0.039375	0.865209
-1	-1	1	-1
0.710175	0.027050	0.915523
-1	-1	1	-1
0.738375	-0.049350	0.550108
-1	-1	1	-1
0.634175	0.059425	0.296962
-1	-1	1	-1
0.804850	0.046200	0.558479
-1	-1	-1	1
0.822700	0.052000	0.665181
-1	-1	-1	1
0.836875	0.107350	0.571038
-1	-1	-1	1
1.009725	0.087300	0.876540
-1	-1	-1	1
0.766925	0.087700	0.261583
-1	-1	-1	1
0.835325	0.056175	0.487735
-1	-1	-1	1
0.736400	0.065650	0.676484
-1	-1	-1	1
0.845500	0.057000	0.879263
-1	-1	-1	1
0.719150	0.071675	0.193761
-1	-1	-1	1
0.753625	0.053700	0.581389
-1	-1	-1	1
0.751150	0.066550	0.580442
-1	-1	-1	1
0.774950	0.075025	1.000000
-1	-1	-1	1
0.716850	0.053200	0.190161
-1	-1	-1	1
0.775875	0.023475	0.687692
-1	-1	-1	1
