90	18	3
0.698914	0.060394	0.181122	0.148834	0.312439	0.167389	0.305115	0.038055	0.307220	-0.154510	0.022125	-0.040710	-0.005951	-0.083801	0.393066	-0.047760	0.603612	0.829821
1	-1	-1
0.359009	0.155182	0.359009	0.125763	0.289185	0.171234	0.288055	0.061462	0.456116	-0.119659	0.011444	-0.102783	0.070038	-0.063904	0.351959	-0.066803	0.796182	0.852421
1	-1	-1
0.385681	0.100556	0.176605	0.159759	0.276093	0.170288	0.269287	0.059143	0.341309	-0.123657	0.030701	-0.049316	0.004120	-0.038361	0.397064	-0.020813	0.697747	0.839045
1	-1	-1
0.255249	0.150299	0.404388	0.108612	0.225952	0.163605	0.298767	-0.001587	0.361420	-0.020874	0.162567	-0.117065	-0.014465	-0.054871	0.238037	-0.095459	0.536320	0.871922
1	-1	-1
0.259155	0.177826	0.483276	0.117309	0.308838	0.169006	0.260254	0.039581	0.514069	-0.046692	0.271545	-0.147736	0.009125	-0.080078	0.419403	0.036469	1.000000	0.944260
1	-1	-1
0.329681	0.128388	0.179169	0.158936	0.281738	0.171020	0.251770	0.029602	0.411591	-0.069916	0.022308	-0.038910	0.011078	-0.073181	0.359222	0.039917	0.653777	0.848570
1	-1	-1
0.317444	0.140015	0.177185	0.155914	0.251099	0.171265	0.240234	0.068878	0.525574	-0.059448	0.008423	-0.031403	0.027405	-0.035675	0.343842	0.027405	0.725490	0.845867
1	-1	-1
0.310883	0.151367	0.177551	0.157806	0.268188	0.164459	0.272064	0.045136	0.428589	-0.080933	0.017212	-0.025513	0.007843	-0.056152	0.345093	-0.054413	0.738191	0.803119
1	-1	-1
0.319183	0.140472	0.186920	0.162933	0.275665	0.167542	0.345734	0.026428	0.527985	-0.026337	0.060333	-0.056915	-0.001862	-0.057190	0.300049	-0.057190	0.634543	0.765459
1	-1	-1
0.272186	0.167114	0.516449	0.048553	0.263672	0.168365	0.356323	0.010590	0.551056	0.045959	0.266083	-0.130646	-0.018768	-0.070648	0.356628	-0.105469	0.907153	0.853025
1	-1	-1
0.268860	0.185120	0.424683	0.097168	0.250427	0.170380	0.342712	0.025818	0.399658	0.000885	0.237701	-0.077118	0.024170	-0.038849	0.400909	-0.085663	0.732946	0.822510
1	-1	-1
0.465759	0.110474	0.173462	0.157715	0.249145	0.167328	0.254150	0.077759	0.189362	-0.282410	-0.015381	-0.056335	-0.052399	-0.406219	0.003571	-0.498108	0.958385	0.826371
1	-1	-1
0.606537	0.076233	0.171814	0.158051	0.275085	0.166504	0.240662	0.016052	0.168976	-0.224152	-0.016785	-0.054962	-0.057709	-0.312469	0.038849	-0.599060	0.846540	0.752725
1	-1	-1
0.365936	0.146820	0.174164	0.162079	0.246704	0.170685	0.258667	0.053375	0.142273	-0.169098	0.026520	-0.059753	-0.055603	-0.355591	0.011688	-0.504944	0.813167	0.826535
1	-1	-1
0.430664	0.052765	0.173157	0.160187	0.260712	0.170380	0.237061	0.024383	0.295258	-0.208832	0.000610	-0.047974	-0.038940	-0.390625	0.014801	-0.556854	0.826712	0.787482
1	-1	-1
0.456787	0.083038	0.176453	0.161926	0.268951	0.167999	0.245911	0.033386	0.262512	-0.256226	0.016449	-0.070099	-0.064941	-0.314545	0.013763	-0.516174	0.741304	0.748992
1	-1	-1
0.296143	0.146179	0.173615	0.156372	0.299255	0.160187	0.258728	0.010925	0.214752	-0.271210	-0.008606	-0.090515	-0.053955	-0.273346	0.009033	-0.582336	0.829343	0.742210
1	-1	-1
0.395050	0.116608	0.170960	0.163025	0.262787	0.169830	0.249573	0.008789	0.207367	-0.193695	0.000824	-0.059082	-0.034424	-0.427551	0.073029	-0.522369	0.815605	0.762355
1	-1	-1
0.391968	0.096436	0.172150	0.164062	0.255402	0.171173	0.263275	0.006592	0.158966	-0.320374	-0.012115	-0.057831	-0.047668	-0.350311	0.079712	-0.567017	0.945343	0.762865
1	-1	-1
0.489899	0.097046	0.174225	0.161987	0.253113	0.171204	0.248627	0.029907	0.202545	-0.393036	0.002441	-0.057007	-0.057617	-0.386993	0.015381	-0.535645	0.861929	0.761915
1	-1	-1
0.579407	0.115784	0.181122	0.159546	0.243347	0.174652	0.246002	0.022980	0.130829	-0.400177	-0.014709	-0.052551	-0.039673	-0.416107	0.069550	-0.524841	0.947879	0.796755
1	-1	-1
0.508209	0.099945	0.182495	0.151184	0.247955	0.172516	0.247467	0.025879	0.306091	-0.275146	0.031860	-0.110352	-0.056488	-0.433868	0.059662	-0.533722	0.785984	0.740059
1	-1	-1
0.203003	0.145203	0.214295	0.162628	0.243134	0.166687	0.279205	0.028137	0.095947	-0.107147	0.108795	-0.073639	-0.003448	-0.092987	0.207123	-0.162079	0.082451	1.000000
-1	1	-1
0.275452	0.121521	0.195038	0.148376	0.247131	0.167847	0.256958	-0.000305	0.154633	-0.065826	0.062958	-0.050629	-0.033844	-0.139282	0.079590	-0.209534	0.154068	0.957610
-1	1	-1
0.271637	0.093353	0.208099	0.142242	0.247589	0.167328	0.252350	0.029449	0.253693	-0.128601	0.022430	-0.052612	-0.016998	-0.114349	0.162872	-0.220459	0.010881	0.948062
-1	1	-1
0.263916	0.160462	0.192840	0.152191	0.258667	0.165222	0.270752	0.052795	0.333069	-0.127838	0.027039	-0.046600	-0.044800	-0.132843	0.221802	-0.434235	0.081285	0.897819
-1	1	-1
0.273529	0.139710	0.270142	0.124786	0.262665	0.169861	0.262390	0.008698	0.199738	-0.098755	0.082825	-0.081390	-0.013184	-0.113342	0.191345	-0.198700	0.017033	0.896114
-1	1	-1
0.300384	0.151459	0.242645	0.146545	0.261261	0.171753	0.272674	0.025360	0.320221	-0.141632	0.032745	-0.084290	-0.016815	-0.191589	0.176422	-0.258545	0.026253	0.907658
-1	1	-1
0.301239	0.131378	0.181793	0.148499	0.278626	0.166351	0.275421	0.031372	0.210327	-0.098877	0.026520	-0.083435	-0.027924	-0.156128	0.164276	-0.226471	0.051986	0.867218
-1	1	-1
0.285675	0.133392	0.198852	0.137299	0.277252	0.167267	0.309418	0.006775	0.177826	-0.052826	0.082367	-0.053009	-0.018616	-0.141998	0.150085	-0.231659	0.105727	0.894733
-1	1	-1
0.257874	0.125763	0.218323	0.142944	0.261414	0.163483	0.294983	0.005859	0.242950	-0.114685	0.097076	-0.086029	-0.028992	-0.125549	0.062592	-0.233643	0.074597	0.882790
-1	1	-1
0.270416	0.156982	0.221069	0.141327	0.259857	0.169037	0.284546	0.039154	0.298248	-0.134064	0.069397	-0.053619	-0.007172	-0.156128	0.135376	-0.232880	0.014162	0.901376
-1	1	-1
0.286926	0.159302	0.210876	0.159912	0.276581	0.157990	0.258636	0.044159	0.185791	-0.124634	0.060760	-0.069977	-0.007629	-0.159882	0.260010	-0.217163	0.048051	0.870281
-1	1	-1
0.283753	0.140137	0.178833	0.143463	0.271912	0.171295	0.271912	-0.001068	0.134491	-0.128784	0.005188	-0.098511	-0.025421	-0.192017	0.110260	-0.167603	0.115334	0.841765
-1	1	-1
0.289826	0.156616	0.236328	0.154999	0.267395	0.169739	0.292999	0.033234	0.168945	-0.044983	-0.007599	-0.090790	-0.032288	-0.159149	0.119232	-0.175842	0.024359	0.861945
-1	1	-1
0.305908	0.164673	0.241791	0.144775	0.280914	0.169769	0.280914	0.019653	0.185425	-0.096802	0.136078	-0.067078	-0.018982	-0.181976	0.121277	-0.196045	0.057986	0.916996
-1	1	-1
0.290131	0.153107	0.231537	0.146088	0.271881	0.165375	0.270569	0.003784	0.117157	-0.057739	0.082092	-0.072662	-0.023834	-0.093353	0.205200	-0.159607	0.005139	0.909834
-1	1	-1
0.305176	0.115906	0.190643	0.150879	0.264984	0.166260	0.262176	0.016235	0.138947	-0.088654	0.102844	-0.076019	-0.036255	-0.114807	0.136658	-0.214294	0.073401	0.929100
-1	1	-1
0.269836	0.163452	0.182373	0.149658	0.266266	0.165375	0.245117	0.011139	0.198792	-0.107422	0.031616	-0.056580	-0.019409	-0.117920	0.095612	-0.187347	0.058227	0.899202
-1	1	-1
0.284332	0.136353	0.187195	0.137421	0.276764	0.164795	0.294403	-0.014740	0.167664	-0.046539	0.030212	-0.054993	-0.008057	-0.150421	0.125824	-0.176483	0.014792	0.884756
-1	1	-1
0.271942	0.122254	0.326965	0.127319	0.254883	0.167999	0.257141	0.027679	0.256165	-0.123840	0.058136	-0.108856	-0.028687	-0.141907	0.148804	-0.242065	0.066778	0.878341
-1	1	-1
0.268036	0.125763	0.211792	0.153198	0.245087	0.166504	0.253998	0.016663	0.162964	-0.062134	0.062103	-0.076935	-0.024384	-0.125916	0.146545	-0.219574	0.038681	0.957082
-1	1	-1
0.285431	0.127502	0.286347	0.127502	0.228760	0.166870	0.227356	0.047089	0.172485	-0.106110	0.153076	-0.088745	-0.011841	-0.077362	0.217072	-0.244293	0.134628	0.936376
-1	1	-1
0.211975	0.148499	0.204529	0.150879	0.248291	0.160858	0.315979	0.032226	0.088562	-0.086975	0.074890	-0.074158	-0.029358	-0.110168	0.191956	-0.223358	0.143371	0.929449
-1	1	-1
0.294891	0.154419	0.240387	0.152191	0.289856	0.128052	0.289856	0.025574	0.166565	-0.067230	0.081573	-0.080719	0.029694	-0.185150	0.185974	-0.236359	0.038647	0.815796
-1	1	-1
0.308380	0.140045	0.280792	0.140045	0.291656	0.170197	0.312409	0.032898	0.203766	-0.086853	0.137543	-0.162140	-0.030701	-0.284210	0.160339	-0.124603	0.020915	0.794664
-1	1	-1
0.337524	0.145813	0.190979	0.163910	0.280151	0.170807	0.288330	0.048004	0.199524	-0.104187	0.012573	-0.125336	-0.014557	-0.182343	0.153839	-0.196075	0.048377	0.787649
-1	1	-1
0.339172	0.135956	0.195099	0.162384	0.299835	0.165222	0.322723	0.041504	0.212128	-0.183441	0.025635	-0.152924	-0.008301	-0.209747	0.198364	-0.210724	0.060294	0.774195
-1	1	-1
0.304596	0.144959	0.192566	0.113312	0.311737	0.166473	0.293243	-0.000092	0.167572	-0.107880	0.077698	-0.104156	0.008606	-0.158539	0.110107	-0.141754	0.051735	0.739366
-1	1	-1
0.309937	0.154144	0.274292	0.152527	0.286407	0.165802	0.288879	0.028534	0.251862	-0.093201	0.161194	-0.109375	-0.008148	-0.186279	0.194092	-0.231110	0.015900	0.756315
-1	1	-1
0.324249	0.118194	0.188110	0.149353	0.292450	0.163055	0.327301	-0.019501	0.211121	-0.144958	0.020996	-0.090149	0.009155	-0.238373	0.165344	-0.219604	0.033405	0.748269
-1	1	-1
0.329132	0.151520	0.252686	0.127228	0.298340	0.174225	0.287994	0.031952	0.190857	-0.089844	0.012970	-0.099579	0.005157	-0.181793	0.163788	-0.234070	0.030577	0.784854
-1	1	-1
0.328064	0.107513	0.180206	0.122559	0.300751	0.173736	0.294586	0.014252	0.172882	-0.141693	0.068573	-0.069672	0.020172	-0.191650	0.180115	-0.231842	0.011231	0.757800
-1	1	-1
0.335052	0.156616	0.183533	0.158630	0.322388	0.174591	0.283905	0.000824	0.204041	-0.116699	0.013794	-0.101227	-0.038269	-0.259094	0.109772	-0.160889	0.070857	0.750216
-1	1	-1
0.302918	0.140350	0.221954	0.157379	0.320099	0.168701	0.286774	0.033630	0.246124	-0.186798	0.054138	-0.083405	-0.027466	-0.185699	0.216858	-0.290131	0.025556	0.761676
-1	1	-1
0.325501	0.152954	0.325501	0.147339	0.303833	0.167389	0.324249	0.000549	0.200867	-0.115112	-0.004852	-0.145660	0.040131	-0.216736	0.221588	-0.186462	0.036008	0.743125
-1	1	-1
0.319031	0.126190	0.269623	0.136047	0.332672	0.171417	0.310242	0.033051	0.223694	-0.045746	0.096313	-0.073029	-0.018158	-0.211151	0.268036	-0.328369	0.020501	0.758182
-1	1	-1
0.334442	0.152222	0.217956	0.164825	0.304962	0.170288	0.308319	0.026703	0.157074	-0.155701	0.096191	-0.138184	0.000275	-0.146210	0.212738	-0.198547	0.050875	0.762611
-1	1	-1
0.331634	0.152893	0.186096	0.156525	0.311524	0.171692	0.311524	0.022217	0.211792	-0.115082	-0.005341	-0.105560	0.124207	-0.155884	0.149841	-0.237885	0.067854	0.764659
-1	1	-1
0.327576	0.134430	0.183960	0.154510	0.292786	0.174133	0.297791	0.040405	0.148285	-0.116455	0.105713	-0.090302	0.014282	-0.157898	0.206390	-0.197601	0.015273	0.797646
-1	1	-1
0.360413	0.151489	0.180176	0.161347	0.308044	0.162689	0.275116	0.018524	0.227234	-0.099762	0.007111	-0.089569	0.063965	-0.161560	0.171295	-0.225891	0.066130	0.766955
-1	1	-1
0.321381	0.129639	0.180664	0.147522	0.278473	0.169281	0.273010	-0.013031	0.169617	-0.112488	0.030609	-0.061096	-0.030182	-0.149994	0.201416	-0.182617	0.081601	0.795380
-1	1	-1
0.442261	0.172730	0.213531	0.155548	0.508057	0.160522	0.451019	0.034759	0.193604	-0.141998	0.114380	-0.131012	0.044281	-0.360748	0.257080	-0.418549	0.129496	0.571511
-1	1	-1
0.503326	0.137237	0.285706	0.146912	0.526489	0.185089	0.373718	0.021515	0.296021	-0.106293	0.149200	-0.131897	0.055939	-0.398529	0.212708	-0.224915	0.036729	0.530414
-1	1	-1
0.474823	0.158142	0.255402	0.148559	0.538513	0.178955	0.451630	0.072479	0.428680	-0.166534	0.101593	-0.095642	0.001617	-0.404999	0.230438	-0.325287	0.007046	0.544291
-1	1	-1
0.570770	0.165497	0.275024	0.119873	0.546753	0.187805	0.358826	0.030151	0.382080	-0.103180	0.157715	-0.156891	-0.001556	-0.447296	0.323700	-0.430786	0.024474	0.550238
-1	1	-1
0.547211	0.118256	0.438507	0.081543	0.508392	0.123962	0.307922	0.057098	0.431732	-0.194458	0.111572	-0.169586	0.023193	-0.497864	0.252533	-0.175262	0.003264	0.554664
-1	1	-1
0.567139	0.069641	0.302918	0.142212	0.505096	0.181915	0.368194	0.063965	0.381348	-0.198547	0.166229	-0.170654	0.043823	-0.423859	0.306152	-0.335938	0.036292	0.560662
-1	1	-1
0.543945	0.098816	0.280395	0.127686	0.522736	0.178619	0.368561	0.054260	0.425659	-0.215881	0.036896	-0.109558	0.102417	-0.474091	0.293060	-0.294067	0.013687	0.555487
-1	1	-1
0.546783	0.132721	0.237427	0.153168	0.534393	0.181458	0.322296	0.053131	0.236084	-0.094147	0.128540	-0.134888	0.083405	-0.448212	0.216003	-0.320770	0.097987	0.555793
-1	1	-1
0.603577	0.153320	0.217438	0.154633	0.490143	0.191528	0.321869	0.021332	0.484863	-0.206757	0.168701	-0.164490	0.137634	-0.393524	0.113800	-0.200531	0.010805	0.544019
-1	1	-1
0.512634	0.144165	0.293640	0.140991	0.480805	0.181458	0.354156	0.052368	0.387726	-0.169525	0.090302	-0.171417	0.024353	-0.353394	0.141357	-0.249786	0.044425	0.569633
-1	1	-1
0.619171	0.127441	0.283691	0.147186	0.454407	0.174835	0.352692	0.039276	0.523315	-0.190460	0.108917	-0.198212	0.067017	-0.296906	0.145569	-0.301758	0.008776	0.569064
-1	1	-1
0.458923	0.147980	0.262055	0.133789	0.411896	0.179016	0.372101	-0.003967	0.411896	-0.106537	0.130829	-0.217896	0.141479	-0.307587	0.146667	-0.199585	0.036200	0.596770
-1	1	-1
0.498291	0.115692	0.213196	0.155975	0.411682	0.155975	0.331421	0.017395	0.483368	-0.296997	0.025391	-0.157074	0.039642	-0.323303	0.312042	-0.269989	0.004629	0.595154
-1	1	-1
0.411804	0.154510	0.197967	0.158722	0.386566	0.176148	0.336792	0.017578	0.303131	-0.221741	0.103363	-0.179688	0.060211	-0.328491	0.266968	-0.297638	0.035783	0.602093
-1	1	-1
0.417511	0.102417	0.238678	0.144226	0.411255	0.174774	0.358429	0.018494	0.420319	-0.096985	0.145447	-0.204163	0.073853	-0.383087	0.257568	-0.272797	0.030313	0.629966
-1	1	-1
0.325958	0.074646	0.179779	0.151642	0.359863	0.155579	0.422485	-0.075195	0.094543	-0.064087	0.046234	-0.027191	0.008057	-0.176422	0.240936	-0.109192	0.026881	0.748977
-1	-1	1
0.278564	0.045166	0.216156	0.142975	0.414185	0.172882	0.435669	-0.078064	0.176849	-0.230103	0.039612	-0.019440	0.133087	-0.159851	0.141968	-0.127686	0.003186	0.704590
-1	-1	1
0.796661	-0.032349	0.197998	0.156128	0.425903	0.173157	0.339996	-0.035950	0.126617	-0.252533	0.033752	-0.021210	0.132416	-0.156952	0.157104	-0.118652	0.001802	0.720633
-1	-1	1
0.598358	0.039185	0.204285	0.158844	0.394073	0.164642	0.327087	-0.034180	0.149719	-0.218811	0.063202	-0.045410	0.114777	-0.131592	0.197205	-0.105621	0.039914	0.720600
-1	-1	1
0.326385	0.053162	0.183258	0.160675	0.356537	0.173859	0.390320	-0.013825	0.182220	-0.264343	0.011810	-0.021088	0.165100	-0.135193	0.161713	-0.135132	0.012079	0.758276
-1	-1	1
0.411865	0.036255	0.186706	0.159241	0.320221	0.147186	0.295624	-0.001434	0.123932	-0.259613	0.003540	-0.034180	0.078064	-0.202576	0.396729	-0.163025	0.075480	0.867954
-1	-1	1
0.194885	0.169739	0.304749	0.194885	0.254761	0.063934	0.129212	0.053070	0.528503	-0.482666	-0.006348	-0.112885	0.021698	-0.084869	0.066772	-0.085968	0.099086	0.255156
-1	-1	1
0.465057	0.067932	0.388275	0.111816	0.343109	0.098847	0.394653	-0.073578	0.234680	-0.178894	0.094849	-0.078400	0.015961	-0.141663	0.170532	-0.142487	0.045307	0.770681
-1	-1	1
0.395477	0.107422	0.515198	0.096588	0.421173	0.066315	0.421021	-0.066894	0.093994	-0.255157	0.122711	-0.200165	0.014954	-0.104462	0.273010	-0.165924	0.077336	0.839838
-1	-1	1
0.507690	0.106354	0.548431	0.027252	0.274658	0.131836	0.356750	-0.101196	0.129913	-0.181732	0.149841	-0.021759	0.022949	-0.095978	0.182159	-0.086151	0.032330	0.680365
-1	-1	1
0.315765	0.134491	0.553528	0.036133	0.272553	0.119781	0.409058	-0.113251	0.202606	-0.119781	0.095673	-0.201843	-0.002930	-0.104340	0.249512	-0.094788	0.051336	0.727535
-1	-1	1
0.546814	0.075317	0.546814	0.123169	0.208496	0.127960	0.384216	-0.155823	0.257294	-0.234131	0.109589	-0.233429	-0.000671	-0.087372	0.135468	-0.204285	0.032732	0.710908
-1	-1	1
0.395538	0.019653	0.601990	0.018555	0.293457	0.120270	0.308167	-0.106781	0.321625	-0.214386	0.132416	-0.024567	-0.003540	-0.108765	0.138245	-0.112976	0.014217	0.780474
-1	-1	1
