25	3	4
0.504000	0.059225	0.988003
-1	1	-1	-1
0.490000	0.057825	0.959885
-1	1	-1	-1
0.542550	0.055750	0.971268
-1	1	-1	-1
0.515900	0.076175	0.947934
-1	1	-1	-1
0.523275	0.007175	1.000000
-1	1	-1	-1
0.514575	0.053275	0.971127
-1	1	-1	-1
0.547200	0.042300	0.990390
-1	1	-1	-1
0.521125	0.028300	0.986818
-1	1	-1	-1
0.544550	0.066975	0.962047
-1	1	-1	-1
0.538650	0.061350	0.983070
-1	1	-1	-1
0.545600	0.022200	0.962924
-1	1	-1	-1
0.555725	0.031000	0.942148
-1	1	-1	-1
0.540575	0.033775	0.962292
-1	1	-1	-1
0.549000	0.024500	0.984083
-1	1	-1	-1
0.515075	0.062025	0.974190
-1	1	-1	-1
0.585700	0.043125	0.933439
-1	1	-1	-1
0.576375	0.040200	0.932722
-1	1	-1	-1
0.617850	0.018075	0.929515
-1	1	-1	-1
0.574900	0.046500	0.927847
-1	1	-1	-1
0.555225	0.069900	0.932637
-1	1	-1	-1
0.576650	0.064350	0.901849
-1	1	-1	-1
0.571600	0.055625	0.931269
-1	1	-1	-1
0.586575	0.056625	0.873760
-1	1	-1	-1
0.537775	0.068025	0.928316
-1	1	-1	-1
0.556125	0.070675	0.959764
-1	1	-1	-1
