14	3	4
0.804850	0.046200	0.558479
-1	-1	-1	1
0.822700	0.052000	0.665181
-1	-1	-1	1
0.836875	0.107350	0.571038
-1	-1	-1	1
1.009725	0.087300	0.876540
-1	-1	-1	1
0.766925	0.087700	0.261583
-1	-1	-1	1
0.835325	0.056175	0.487735
-1	-1	-1	1
0.736400	0.065650	0.676484
-1	-1	-1	1
0.845500	0.057000	0.879263
-1	-1	-1	1
0.719150	0.071675	0.193761
-1	-1	-1	1
0.753625	0.053700	0.581389
-1	-1	-1	1
0.751150	0.066550	0.580442
-1	-1	-1	1
0.774950	0.075025	1.000000
-1	-1	-1	1
0.716850	0.053200	0.190161
-1	-1	-1	1
0.775875	0.023475	0.687692
-1	-1	-1	1
