22	3	4
0.635650	-0.033700	0.909118
-1	-1	1	-1
0.742775	-0.058775	0.866768
-1	-1	1	-1
0.689850	0.015425	0.878172
-1	-1	1	-1
0.680100	0.016925	0.849158
-1	-1	1	-1
0.726550	-0.075725	0.867886
-1	-1	1	-1
0.699700	0.031825	0.848112
-1	-1	1	-1
0.740300	-0.030675	0.864987
-1	-1	1	-1
0.713200	0.029250	0.864387
-1	-1	1	-1
0.741075	0.026150	0.874687
-1	-1	1	-1
0.689175	-0.046000	1.000000
-1	-1	1	-1
0.724375	0.006275	0.733793
-1	-1	1	-1
0.730350	-0.000725	0.848934
-1	-1	1	-1
0.720700	-0.042900	0.858962
-1	-1	1	-1
0.730675	-0.114950	0.867530
-1	-1	1	-1
0.700150	-0.066525	0.865085
-1	-1	1	-1
0.682850	-0.076225	0.867131
-1	-1	1	-1
0.724125	-0.047000	0.859574
-1	-1	1	-1
0.658450	0.002100	0.865970
-1	-1	1	-1
0.740300	-0.039375	0.865209
-1	-1	1	-1
0.710175	0.027050	0.915523
-1	-1	1	-1
0.738375	-0.049350	0.550108
-1	-1	1	-1
0.634175	0.059425	0.296962
-1	-1	1	-1
