110	3	4
0.034393	-0.232544	1.000000
1	-1	-1	-1
0.062958	-0.276642	0.473604
1	-1	-1	-1
0.077301	-0.173920	0.459246
1	-1	-1	-1
0.056122	-0.239838	0.428046
1	-1	-1	-1
0.034332	-0.230011	0.450979
1	-1	-1	-1
0.042877	-0.206940	0.468779
1	-1	-1	-1
0.060211	-0.237000	0.439001
1	-1	-1	-1
0.077179	-0.375275	0.517855
1	-1	-1	-1
0.110229	-0.245911	0.405947
1	-1	-1	-1
0.038544	-0.334656	0.315337
1	-1	-1	-1
0.047119	-0.133026	0.403248
1	-1	-1	-1
0.045044	-0.173553	0.472850
1	-1	-1	-1
0.068756	-0.237762	0.513661
1	-1	-1	-1
0.090393	-0.198731	0.294777
1	-1	-1	-1
0.053345	-0.197113	0.503001
1	-1	-1	-1
0.068451	-0.205231	0.416496
1	-1	-1	-1
0.049011	-0.195343	0.290405
1	-1	-1	-1
0.036133	-0.168549	0.430487
1	-1	-1	-1
0.023834	-0.155456	0.432743
1	-1	-1	-1
0.034454	-0.157013	0.436502
1	-1	-1	-1
0.048798	-0.239288	0.443812
1	-1	-1	-1
0.035858	-0.271179	0.383336
1	-1	-1	-1
0.041107	-0.223175	0.443458
1	-1	-1	-1
0.051605	-0.246399	0.399224
1	-1	-1	-1
0.032562	-0.235352	0.438782
1	-1	-1	-1
0.072022	-0.250305	0.430627
1	-1	-1	-1
0.051269	-0.357361	0.429795
1	-1	-1	-1
0.048920	-0.215851	0.426005
1	-1	-1	-1
0.056641	-0.285828	0.450404
1	-1	-1	-1
0.049866	-0.205994	0.403781
1	-1	-1	-1
0.074036	-0.332275	0.421402
1	-1	-1	-1
0.043396	-0.417908	0.493203
1	-1	-1	-1
0.128998	-0.358246	0.423785
1	-1	-1	-1
0.073883	-0.259674	0.421275
1	-1	-1	-1
0.048767	-0.213776	0.502301
1	-1	-1	-1
0.059570	-0.170532	0.491347
1	-1	-1	-1
0.092438	-0.316101	0.335447
-1	1	-1	-1
0.080810	-0.296570	0.214173
-1	1	-1	-1
0.200989	-0.348206	0.299545
-1	1	-1	-1
0.171722	-0.320679	0.299854
-1	1	-1	-1
0.174164	-0.328644	0.297861
-1	1	-1	-1
0.187714	-0.347382	0.292954
-1	1	-1	-1
0.171570	-0.288879	0.288568
-1	1	-1	-1
0.199646	-0.323822	0.283806
-1	1	-1	-1
0.208160	-0.425507	0.286480
-1	1	-1	-1
0.210907	-0.308380	0.283464
-1	1	-1	-1
0.202423	-0.335144	0.282176
-1	1	-1	-1
0.199738	-0.343994	0.279143
-1	1	-1	-1
0.264770	-0.341644	0.283872
-1	1	-1	-1
0.286285	-0.375366	0.268432
-1	1	-1	-1
0.288666	-0.398560	0.277400
-1	1	-1	-1
0.216309	-0.427795	0.277161
-1	1	-1	-1
0.315186	-0.365295	0.275403
-1	1	-1	-1
0.218628	-0.313751	0.278970
-1	1	-1	-1
0.221283	-0.388763	0.275478
-1	1	-1	-1
0.241333	-0.329865	0.263614
-1	1	-1	-1
0.298920	-0.466217	0.274318
-1	1	-1	-1
0.267334	-0.329559	0.275397
-1	1	-1	-1
0.234558	-0.344513	0.268495
-1	1	-1	-1
0.236511	-0.360108	0.213492
-1	1	-1	-1
0.280731	-0.350250	0.329507
-1	1	-1	-1
0.260681	-0.404877	0.270621
-1	1	-1	-1
0.326111	-0.483612	0.265706
-1	1	-1	-1
0.209167	-0.399567	0.268324
-1	1	-1	-1
0.275116	-0.425384	0.265697
-1	1	-1	-1
0.201355	-0.355560	0.288662
-1	1	-1	-1
0.173981	-0.375671	0.277151
-1	1	-1	-1
0.254211	-0.446076	0.286496
-1	1	-1	-1
0.258545	-0.304840	0.306622
-1	1	-1	-1
0.092987	-0.120483	0.259485
-1	-1	1	-1
0.447052	-0.509491	0.233953
-1	-1	1	-1
0.428436	-0.450897	0.225289
-1	-1	1	-1
0.511566	-0.618927	0.223718
-1	-1	1	-1
0.466309	-0.763794	0.229584
-1	-1	1	-1
0.514130	-0.632935	0.225749
-1	-1	1	-1
0.477386	-0.677765	0.223045
-1	-1	1	-1
0.502686	-0.611877	0.223022
-1	-1	1	-1
0.443512	-0.377289	0.222907
-1	-1	1	-1
0.456970	-0.651489	0.225677
-1	-1	1	-1
0.513184	-0.532349	0.220659
-1	-1	1	-1
0.472595	-0.573944	0.219015
-1	-1	1	-1
0.496521	-0.647431	0.216522
-1	-1	1	-1
0.544586	-0.749512	0.225459
-1	-1	1	-1
0.485504	-0.475494	0.218245
-1	-1	1	-1
0.584351	-0.709106	0.225593
-1	-1	1	-1
0.530670	-0.490570	0.223024
-1	-1	1	-1
0.558380	-0.631775	0.227611
-1	-1	1	-1
0.561340	-0.610596	0.238966
-1	-1	1	-1
0.478668	-0.468231	0.232611
-1	-1	1	-1
0.370728	-0.567078	0.193713
-1	-1	1	-1
0.339355	-0.622467	0.196029
-1	-1	-1	1
0.692230	-0.672302	0.191411
-1	-1	-1	1
0.823395	-0.802490	0.203399
-1	-1	-1	1
0.726410	-0.901550	0.198371
-1	-1	-1	1
0.672363	-0.792297	0.204961
-1	-1	-1	1
0.864105	-0.993072	0.193714
-1	-1	-1	1
0.903717	-0.928406	0.200555
-1	-1	-1	1
0.668274	-0.815491	0.209645
-1	-1	-1	1
0.747345	-0.950043	0.204893
-1	-1	-1	1
0.848694	-0.904877	0.198890
-1	-1	-1	1
0.808899	-0.868042	0.202859
-1	-1	-1	1
0.799286	-0.993652	0.197976
-1	-1	-1	1
0.864624	-0.954773	0.207605
-1	-1	-1	1
0.818878	-0.844330	0.202811
-1	-1	-1	1
0.586182	-0.740417	0.207652
-1	-1	-1	1
0.655640	-0.773529	0.202780
-1	-1	-1	1
0.702331	-0.692779	0.198383
-1	-1	-1	1
0.585297	-0.564819	0.207707
-1	-1	-1	1
0.642212	-0.842804	0.216197
-1	-1	-1	1
0.510529	-0.692322	0.266159
-1	-1	-1	1
